2vs2
Depth 1 to 4 vs Max Depth: 5
[1] [1] [1] [1] [0] [0] [0] [0] [0] [1] [1] [1] [0] [1] [1] [1] [1] [1] [1] [1] [1] [1] [0] [1] [1] [1] [1] [1] [1] [1] [1] [1] [1] [1] [1] [1] [1] [1] [1] [0] [1] [0] [1] [1] [0] [1] 
Depth 1 to 4 vs Max Depth: 5
[0, 0] [1, 1] [1, 1] [0, 0] [0, 0] [0, 0] [0, 0] [0, 1] [0, 1] [0, 0] [1, 1] [1, 1] [0, 0] [0, 0] [1, 1] [0, 0] [0, 0] [1, 1] [0, 0] [1, 1] [1, 1] [1, 1] [0, 1] [0, 0] [1, 1] [0, 0] [1, 1] [1, 1] [0, 0] [1, 1] [0, 0] [0, 0] [1, 1] [0, 0] [1, 1] [0, 0] [0, 0] [1, 1] [1, 1] [0, 1] [1, 1] [0, 1] [0, 0] [1, 1] [0, 1] [1, 1] 
Depth 1 to 4 vs Max Depth: 5
[0, 0, 1] [1, 1, 1] [1, 1, 1] [1, 1, 0] [0, 0, 1] [0, 0, 0] [0, 0, 1] [0, 0, 0] [0, 0, 0] [0, 0, 1] [0, 0, 0] [0, 0, 0] [0, 0, 1] [1, 1, 0] [1, 1, 1] [1, 1, 0] [1, 1, 0] [1, 1, 1] [1, 1, 0] [1, 1, 1] [1, 1, 1] [1, 1, 1] [0, 1, 1] [0, 0, 1] [0, 0, 0] [0, 0, 0] [1, 1, 1] [0, 0, 0] [1, 1, 0] [0, 0, 0] [0, 0, 1] [0, 0, 1] [1, 1, 1] [0, 0, 1] [0, 0, 0] [0, 0, 1] [0, 0, 1] [1, 1, 1] [1, 1, 1] [0, 1, 1] [1, 1, 1] [1, 0, 0] [0, 0, 1] [0, 0, 0] [0, 0, 0] [1, 1, 1] 
Depth 1 to 4 vs Max Depth: 5
[0, 0, 0, 0] [1, 1, 1, 1] [0, 0, 0, 0] [1, 1, 0, 1] [0, 0, 1, 1] [0, 0, 1, 0] [0, 0, 1, 1] [0, 0, 0, 0] [0, 0, 0, 0] [0, 0, 1, 1] [0, 0, 0, 0] [1, 1, 1, 0] [0, 0, 0, 0] [1, 1, 0, 1] [1, 1, 1, 1] [0, 0, 0, 0] [1, 1, 0, 1] [1, 1, 1, 1] [1, 1, 0, 1] [0, 0, 0, 0] [0, 0, 0, 0] [1, 1, 1, 1] [0, 1, 1, 1] [0, 0, 1, 1] [0, 0, 0, 1] [0, 0, 1, 0] [0, 0, 0, 0] [0, 0, 0, 0] [0, 0, 0, 0] [0, 0, 0, 1] [0, 0, 1, 1] [0, 0, 1, 1] [1, 1, 1, 1] [0, 0, 0, 0] [0, 0, 0, 1] [0, 0, 0, 0] [0, 0, 0, 0] [1, 1, 1, 1] [1, 1, 1, 1] [0, 1, 1, 1] [1, 1, 1, 1] [1, 0, 0, 1] [0, 0, 1, 1] [0, 0, 0, 1] [0, 0, 0, 1] [1, 1, 1, 1] 
 


